  1 -0.6000D+01  0.7179D-03   0.1357D-03
  2 -0.5800D+01  0.0000D+00   0.0000D+00
  3 -0.5600D+01  0.9773D-03   0.2028D-03
  4 -0.5400D+01  0.0000D+00   0.0000D+00
  5 -0.5200D+01  0.1371D-02   0.3161D-03
  6 -0.5000D+01  0.0000D+00   0.0000D+00
  7 -0.4800D+01  0.1996D-02   0.5204D-03
  8 -0.4600D+01  0.0000D+00   0.0000D+00
  9 -0.4400D+01  0.3048D-02   0.9223D-03
 10 -0.4200D+01  0.0000D+00   0.0000D+00
 11 -0.4000D+01  0.4965D-02   0.1819D-02
 12 -0.3800D+01  0.0000D+00   0.0000D+00
 13 -0.3600D+01  0.8831D-02   0.4276D-02
 14 -0.3400D+01  0.0000D+00   0.0000D+00
 15 -0.3200D+01  0.1687D-01   0.1399D-01
 16 -0.3000D+01  0.0000D+00   0.0000D+00
 17 -0.2800D+01  0.7972D-02   0.4779D-01
 18 -0.2600D+01  0.0000D+00   0.0000D+00
 19 -0.2400D+01 -0.4013D-01   0.5686D-01
 20 -0.2200D+01  0.0000D+00   0.0000D+00
 21 -0.2000D+01 -0.8567D-01   0.2745D-01
 22 -0.1800D+01  0.0000D+00   0.0000D+00
 23 -0.1600D+01 -0.1122D+00  -0.3312D-01
 24 -0.1400D+01  0.0000D+00   0.0000D+00
 25 -0.1200D+01 -0.9464D-01  -0.1280D+00
 26 -0.1000D+01  0.0000D+00   0.0000D+00
 27 -0.8000D+00  0.3752D-01  -0.1893D+00
 28 -0.6000D+00  0.0000D+00   0.0000D+00
 29 -0.4000D+00  0.1521D+00  -0.1138D+00
 30 -0.2000D+00  0.0000D+00   0.0000D+00
 31  0.0000D+00  0.1873D+00  -0.6972D-15
 32  0.2000D+00  0.0000D+00   0.0000D+00
 33  0.4000D+00  0.1521D+00   0.1138D+00
 34  0.6000D+00  0.0000D+00   0.0000D+00
 35  0.8000D+00  0.3752D-01   0.1893D+00
 36  0.1000D+01  0.0000D+00   0.0000D+00
 37  0.1200D+01 -0.9464D-01   0.1280D+00
 38  0.1400D+01  0.0000D+00   0.0000D+00
 39  0.1600D+01 -0.1122D+00   0.3312D-01
 40  0.1800D+01  0.0000D+00   0.0000D+00
 41  0.2000D+01 -0.8567D-01  -0.2745D-01
 42  0.2200D+01  0.0000D+00   0.0000D+00
 43  0.2400D+01 -0.4013D-01  -0.5686D-01
 44  0.2600D+01  0.0000D+00   0.0000D+00
 45  0.2800D+01  0.7972D-02  -0.4779D-01
 46  0.3000D+01  0.0000D+00   0.0000D+00
 47  0.3200D+01  0.1687D-01  -0.1399D-01
 48  0.3400D+01  0.0000D+00   0.0000D+00
 49  0.3600D+01  0.8831D-02  -0.4276D-02
 50  0.3800D+01  0.0000D+00   0.0000D+00
 51  0.4000D+01  0.4965D-02  -0.1819D-02
 52  0.4200D+01  0.0000D+00   0.0000D+00
 53  0.4400D+01  0.3048D-02  -0.9223D-03
 54  0.4600D+01  0.0000D+00   0.0000D+00
 55  0.4800D+01  0.1996D-02  -0.5204D-03
 56  0.5000D+01  0.0000D+00   0.0000D+00
 57  0.5200D+01  0.1371D-02  -0.3161D-03
 58  0.5400D+01  0.0000D+00   0.0000D+00
 59  0.5600D+01  0.9773D-03  -0.2028D-03
 60  0.5800D+01  0.0000D+00   0.0000D+00
 61  0.6000D+01  0.7179D-03  -0.1357D-03
